0
0
0
0
2
6
11
15
19
23
27
31
35
39
42
47
50
54
57
60
63
67
70
73
75
79
82
85
87
91
93
96
99
101
105
107
109
111
114
117
119
121
123
126
127
130
132
134
136
138
141
142
143
146
148
149
151
153
154
156
159
159
161
163
165
166
167
169
170
172
173
174
176
177
178
180
181
182
183
184
186
187
188
189
190
191
192
194
194
195
196
197
198
199
200
201
202
203
204
205
206
206
207
207
208
209
210
211
212
212
212
214
214
215
215
216
216
217
218
219
219
219
220
221
222
222
222
223
224
224
224
225
225
225
226
226
226
227
228
228
229
228
229
230
231
230
231
231
231
232
232
233
233
233
233
234
234
234
235
235
235
235
236
235
237
238
237
238
238
238
238
238
239
239
239
239
240
240
240
241
241
241
241
241
241
242
242
242
242
243
242
243
243
243
243
243
243
244
244
243
244
243
243
244
244
244
245
244
244
245
245
245
245
245
245
246
246
246
246
246
246
246
247
247
247
247
246
247
247
247
247
247
247
247
247
248
247
247
247
247
248
247
247
248
248
249
248
248
248
248
247
249
248
248
248
249
248
249
249
249
249
249
249
249
249
249
250
249
250
249
249
249
250
250
249
250
250
249
250
249
249
250
250
250
250
250
250
250
250
250
250
249
250
250
250
251
249
248
246
244
244
242
240
240
238
236
235
233
232
232
230
228
227
227
225
224
222
221
220
219
218
217
216
214
213
212
211
210
209
208
207
205
204
204
203
201
200
199
199
197
196
195
195
194
192
192
191
189
189
188
187
186
186
184
184
183
182
181
180
179
178
178
177
176
175
174
173
172
172
171
170
169
169
168
168
166
166
166
165
164
163
162
161
160
159
160
159
158
157
156
156
155
155
155
153
152
152
151
151
150
149
149
149
148
147
146
146
145
145
144
144
143
142
141
141
141
140
140
139
139
138
138
138
136
136
136
135
135
134
134
133
132
132
132
131
131
131
130
129
129
128
128
128
128
127
127
126
125
126
125
124
124
124
123
122
122
123
122
122
121
121
120
120
119
119
118
118
118
118
117
117
117
116
116
115
114
114
114
114
114
113
113
113
113
112
112
111
111
111
110
110
110
110
109
108
108
108
108
108
108
108
107
107
107
106
106
105
105
105
104
104
104
104
104
103
104
102
102
102
102
102
101
102
101
101
100
100
100
100
100
98
99
99
99
98
98
98
98
98
97
97
97
97
97
96
96
96
96
95
95
96
95
95
94
94
94
94
94
94
94
94
93
93
93
93
93
92
92
92
92
91
92
91
91
91
91
91
91
90
90
90
90
89
90
90
90
89
89
89
89
89
88
88
89
88
88
88
87
87
87
87
87
87
87
87
87
86
86
86
86
86
86
86
86
85
86
85
85
85
85
84
85
85
84
84
84
84
84
84
84
84
83
83
83
83
83
83
83
82
82
82
82
83
82
82
83
82
82
82
81
81
82
81
81
81
82
81
81
81
81
80
81
81
80
80
81
80
81
80
80
80
80
80
79
79
80
80
79
79
79
79
79
79
79
79
79
78
78
78
78
78
79
80
79
78
78
78
79
78
78
78
77
77
78
78
77
77
77
77
77
77
77
77
77
77
77
77
76
76
77
77
76
76
76
76
76
76
76
76
76
76
76
76
76
76
76
76
76
75
75
75
76
75
76
75
75
75
76
75
75
76
76
75
75
75
75
75
75
75
75
75
75
75
74
75
74
74
74
75
75
74
74
75
74
74
74
74
74
74
74
74
74
74
74
74
74
74
74
74
74
74
74
74
73
74
73
73
74
73
74
73
73
73
73
73
73
73
73
73
73
73
73
73
73
73
73
72
73
73
73
73
73
72
72
73
72
73
72
72
72
72
72
73
73
72
73
72
73
72
72
72
72
72
72
72
72
72
72
72
72
72
72
72
72
72
72
71
72
72
72
72
72
72
72
71
72
72
71
72
71
72
72
72
72
72
71
71
71
72
71
71
71
71
71
71
71
71
71
72
71
71
71
71
71
71
71
71
71
71
71
71
71
71
71
71
71
70
